OK,PK,LN,SK,DT
806193,515617,165011,551384,123302
25144,320629,821742,137458,855769
156024,234294,522843,876349,542939
542861,593087,131397,386319,217122
434612,990028,122858,752386,999625
725738,997705,733378,549891,468084
543707,828228,960750,452039,812388
821121,695317,668638,581690,967344
711963,774420,309971,76675,841998
608802,220490,938769,103911,462760
472643,663528,739360,335802,619255
837517,297888,422062,53143,551001
122544,206179,115600,71520,711449
229681,910552,579742,105671,22825
665671,697601,773541,475333,97702
646058,463020,213648,313956,454421
184650,130911,423957,39984,825630
23692,579478,139129,886971,198128
951221,535949,449178,292068,449164
267003,632647,431769,162363,115771
839339,46287,939869,698569,461108
995648,659223,242743,818905,726610
738927,261761,40590,316435,966593
843162,698346,792415,431384,570238
694271,485426,199387,315548,76683
471850,559403,953196,78674,618522
630769,252327,74699,12269,451492
260472,236587,32205,229579,632299
318895,165264,891560,544228,963583
809727,421658,938376,795692,90424
662690,862601,382067,972005,115406
666900,857390,976124,692653,207871
408367,417889,187887,61530,815247
701773,596362,998663,494641,114659
921977,366287,727346,536240,916353
755337,240005,748937,662393,889351
423678,674294,251510,93498,758008
164910,252327,671508,493797,188100
426938,488491,125240,367696,294345
124210,781134,517356,323785,783918
159825,262008,302421,139825,292624
681922,735000,944050,493589,719153
861008,551014,104071,236890,421683
421692,294134,383160,721530,777329
699510,987906,911524,867561,640043
761479,787751,621097,584908,542227
931300,763224,922016,132652,335545
436766,637605,988846,142680,131686
608266,808547,207561,586775,447678
542935,273320,180163,710001,39412
459443,945506,83757,35154,580998
621309,337609,804846,727853,697184
18936,661294,790277,668884,761619
825378,224072,207802,346116,326112
635372,572510,46991,801971,674522
454348,442729,160894,534471,74955
932814,80976,408545,227562,645228
58338,349828,487194,845793,511222
574116,188579,42805,743792,527172
395613,880677,577095,748923,451684
615992,833046,715246,581908,624656
806234,518566,234619,761306,30217
201043,369372,786390,874843,824098
704163,516078,715911,622916,770488
51544,164730,993614,226838,855923
745309,998828,38463,119268,701713
932377,871523,414261,535086,363392
562541,92556,258269,811620,172321
768848,798799,120631,867445,348502
114759,52297,713212,131157,735659
194821,207340,427565,901062,230886
731494,29702,858918,670377,824233
564930,328747,625095,310853,867664
512907,75010,653731,594711,705964
121510,817707,962441,303287,570548
885894,298107,523015,773384,870321
155733,560442,335506,256911,862186
270551,373930,437489,440147,557199
630484,803475,235516,209708,252866
684571,657602,931215,500098,861976
868364,899059,916811,43961,877278
493336,406826,859552,475837,456530
435676,772686,341109,177410,454841
325606,684697,741566,304908,191476
968421,379874,288853,280481,417372
782858,183410,342439,907242,997197
603474,255208,873981,118581,99285
578126,863698,939600,292282,508949
519862,877060,703952,47317,889261
442049,879656,272300,710724,764311
839249,613235,82538,684243,780695
909685,562775,539743,725185,287822
727042,911982,716429,18760,525567
461584,377543,463262,984332,789869
725105,279830,548163,79878,926181
870998,493352,55029,927841,289196
794158,122907,389483,629042,665094
918672,895075,654966,523503,886048
25154,836913,583148,232132,279638
876496,747631,556439,715959,52588
557728,68695,341104,839254,767010
685560,441443,394211,83928,995148
188564,563284,46355,804652,777281
663863,593825,295381,280073,468503
372947,108297,311534,636370,988012
438905,388503,254429,996232,500094
645612,733734,616356,448501,735844
194586,519829,701022,213964,190867
294810,784428,96086,931939,597819
60122,861018,991151,761490,437931
670180,144135,856041,248899,829199
761141,777538,340443,64426,528723
472371,693458,193159,161578,645893
750230,507079,94763,980423,634617
219732,418036,279692,701314,198217
982049,651035,494067,355075,545192
721736,649603,432776,722921,425817
266309,916823,69493,173758,479256
820450,882903,965604,790383,985515
393469,242227,711541,807297,139737
334541,596510,464433,831412,921754
907704,979281,615354,508275,987791
279354,856877,404898,456686,966626
961231,420749,21459,425122,724258
384046,300408,733609,338227,255939
82185,971355,963102,114956,830931
442544,805027,716709,323298,415651
856309,590366,68091,957258,648795
372455,794006,18355,54793,301090
412027,676264,918368,842606,204357
103257,72494,310073,335497,578225
455507,598863,105931,497878,848446
388618,939763,484394,13005,604396
979852,413768,986775,461380,47942
351597,147837,311417,602450,21645
189184,832066,164068,716200,471989
657841,992687,385106,29341,49344
146289,624212,163162,240982,854359
279210,804442,357139,677904,184138
150285,33980,428717,687461,346341
811165,176161,98454,855480,62262
648683,993694,239735,476044,499436
433187,11145,858202,891475,473385
145057,442925,394720,916547,532084
662803,454607,709519,969982,200474
886977,264520,627231,769764,189044
540363,214970,769346,597659,300272
283192,84101,284595,825803,80647
128278,969903,539419,35025,335655
312178,85931,65795,66048,162928
899688,180615,835833,996968,543890
249848,937705,400140,57440,181219
446447,54103,163817,67067,304067
925926,246740,775631,461851,622225
425686,361141,655903,999802,632549
126141,573171,532191,469748,122765
793738,84269,415185,669321,23696
721454,131564,418612,440569,878631
344660,474254,199399,497900,809383
267563,655121,240256,653685,187997
441176,790378,781970,236850,152291
598132,705720,449929,131924,636130
885077,559677,93856,686656,59936
447661,333619,426879,917668,776178
785075,823748,637521,940757,85993
640905,485701,362790,523022,172822
459094,307573,584749,796965,623274
341299,427922,58259,155034,666098
819934,438027,876559,490109,146806
490775,109499,60584,687431,922570
529447,882258,224256,630568,991156
506865,234965,345730,98106,819198
856663,871032,473812,644431,885896
412317,407565,611413,858517,166344
108627,400885,117921,117752,112152
612729,159540,866365,895600,338716
47059,392167,942397,898256,394908
912433,119743,531545,862895,101026
707102,827472,49079,318762,135359
347009,655067,725071,305772,299517
879172,748756,677220,829274,922321
761080,974369,789393,509255,47366
484702,84376,701087,945838,980857
722902,79648,306005,121698,680210
754216,698776,247098,782636,204471
979047,554562,334581,425138,664882
878273,33071,685840,145031,970034
174761,48718,653262,554996,292720
130356,727074,860815,190278,93805
882230,851214,745263,111738,759320
193593,806813,999726,64319,999534
890303,505971,589357,189707,603838
132303,474733,188558,209425,675935
590674,706096,395547,948941,763749
481168,727149,447906,561595,111121
478636,450265,466066,750979,101946
546266,646242,628790,238281,432647
115517,640444,794730,669660,460845
639098,548205,397457,635334,737513
207701,608039,839822,184273,301249
335893,640864,244743,17859,594575
645402,735189,836868,721515,219939
396053,232023,762407,889269,551624
130742,556490,118942,64930,348726
995042,964087,612054,951186,754034
218408,153694,641176,451993,430590
945448,66745,294576,781488,195082
109055,352872,214753,428857,559949
664689,411811,834559,963640,998725
32593,683412,526064,508488,833030
932168,700208,888651,986333,647607
626936,895262,628475,429290,207994
986752,339954,582280,521738,724430
726036,547292,320280,300606,308961
72014,544620,392290,274601,390189
92447,914947,51616,258324,252121
247215,850961,394051,996927,749828
258203,649548,164747,983843,840888
781593,517473,118155,17296,652068
481908,721200,146192,319133,403414
12857,621500,741829,921142,235146
11922,783814,454492,161145,828827
816401,42406,430782,15649,927458
545931,179559,219414,293103,223546
412390,638501,720158,477582,969264
998761,956964,548236,829711,393941
653386,600940,155359,447675,548294
455944,461019,293133,163801,697307
673198,72211,221085,285912,183319
128421,656203,255047,861388,335316
537049,139393,54665,668809,21253
48176,769495,591724,319263,136582
483649,215542,910236,934272,816162
432577,995041,454119,926110,566376
300912,422552,655356,418969,813862
120831,132551,634025,377846,88144
718321,930232,626252,779291,98993
989743,239771,981399,451947,247588
611948,273160,408812,812451,308926
587890,786267,226400,356524,101345
472831,280195,639352,265321,620509
267695,914689,425772,366115,303312
512808,640794,109760,807757,424630
667758,365708,141534,176158,669728
829484,907966,437958,149694,386175
921130,405880,846671,838982,239470
160617,762511,642529,737771,845777
256850,274404,568738,284417,70260
46745,981759,132656,560167,328594
139910,17319,333324,156557,298535
411830,809703,692403,449477,411979
88941,681980,477595,153560,664782
553450,740242,641145,215621,446109
102640,52855,393272,119371,183301
931132,192969,229042,214192,942390
815811,420715,208310,650527,720272
158780,290645,692067,580156,507632
124793,696087,617654,240508,686563
308195,926991,698947,99424,677916
672726,649944,559717,132223,367854
772977,431571,106327,481347,320730
656324,427423,998268,599920,17803
739326,142211,348969,611407,499722
549977,814348,287796,567068,208906
509336,516566,536196,124853,56881
496041,962720,235005,361925,755370
257188,250188,834733,188479,649289
20400,351564,909005,724181,339608
588877,836325,664991,960854,34748
279615,579901,144562,242878,986355
912718,517688,745895,722108,609109
27562,346839,799548,29265,637768
737027,830506,241441,404806,211594
127224,45971,967142,875582,87123
743840,703817,481068,291207,81222
391430,85699,314445,554825,858296
261301,984258,167994,12896,237723
773704,504738,598176,327991,121643
64352,661513,13216,406814,289865
977684,49104,476861,783486,205854
404426,682620,525804,310776,406098
561181,331197,792097,528849,955163
24821,173260,997284,560544,41086
964494,962372,495456,659922,129976
657355,201132,137408,24526,937026
604846,754158,850449,231264,712335
804846,464656,217441,753789,686117
905934,290647,127251,53946,357553
307250,720158,398202,801258,541213
670265,355895,22422,662004,392573
743399,548936,188926,487973,21389
764614,917115,167168,189286,894523
179632,664366,152253,136826,793702
919267,494434,245476,698705,284975
932181,563956,763849,370206,537139
323688,334016,112916,778982,809698
517039,739803,330737,420959,294850
852624,141876,707094,154787,857971
797093,945829,41133,175096,958974
965025,657086,236722,579469,986034
870323,559333,738944,708652,986148
258717,32856,478542,302579,222078
274526,146207,667473,491710,841137
190286,195639,99612,330694,493556
869503,380394,522012,526758,396635
842036,374560,396099,141950,511125
655503,719803,47527,943544,38655
860581,620650,783368,61447,736927
364011,601500,670711,291552,446413
764942,441054,51875,479023,313157
667906,202760,856375,276165,794658
997795,466089,894397,70714,768395
609442,976601,872987,979462,213519
557984,119296,962492,669514,405888
655900,177485,414690,868579,556792
961044,867619,609760,864477,112763
454017,898721,754916,257055,848906
450079,921099,949537,759719,674358
381643,934501,711072,669742,920253
467405,747915,370100,553288,177799
891035,176267,847121,364421,725906
906870,253946,100010,121598,865441
131914,32087,137051,374873,913080
937032,238411,88872,531735,259340
195874,42362,303605,268946,502439
692767,901658,412702,582718,404813
248284,978730,341780,110552,581251
429251,442345,662260,770699,266896
774816,420226,562864,908582,993056
142646,652122,428162,322709,393936
370278,731070,418256,277609,139661
131511,964428,196076,844587,205704
258250,595017,708934,77584,401423
368821,853298,561424,419113,393172
909043,818110,445635,358715,314026
389013,704855,800459,17557,370051
39971,984135,411063,346786,800978
593263,983477,573906,633336,184931
84116,277231,353889,33116,13388
657595,683667,481903,382692,137641
612691,672907,928723,165270,129131
133042,961513,755705,980771,862273
338217,60559,95678,214201,694364
640825,114940,911599,202122,277909
66951,119675,51182,217117,358174
600971,216577,995232,881764,665440
921672,224484,849832,257973,462171
633124,896425,740816,380567,27690
608542,946716,84930,493230,672279
241775,967662,646688,234247,948908
938678,871386,980047,424988,477813
196991,498441,560921,931882,33251
657980,305745,290309,27397,897653
354661,552038,960985,130221,235453
253963,267468,915064,552293,987333
597962,391044,591073,686593,932060
82233,216655,756297,173973,148371
926713,746603,988355,404032,944582
922343,909255,412415,812623,538346
277372,885078,179227,993029,600291
104826,795951,419986,474516,150375
714353,710010,239624,634478,134049
250910,909335,753132,942067,541470
347796,611008,113039,837105,970872
478244,718624,543507,181836,55145
260595,281493,748116,749884,558227
870919,948517,637534,776357,551577
700568,554843,169856,201867,860618
334988,616173,678109,841490,982758
174822,826450,138198,608455,199079
104651,642728,93902,894983,696213
364021,781187,930870,740582,674156
933363,628945,876140,801284,680860
327323,141460,64467,185877,764653
731592,28994,935073,833895,39652
470185,847164,210475,814510,541061
760589,228270,631225,34280,754115
808464,876104,784304,318870,411911
999265,527553,140961,50767,273280
599298,950513,83194,698516,727696
745511,364868,229334,998295,532045
761785,272702,822489,928736,959514
403709,653184,391929,424404,407736
39632,912584,524738,649620,275302
35909,325222,86340,469579,735656
358160,218628,85043,133223,386798
424497,590307,493593,295505,526499
275357,510274,395360,635367,594385
266306,227582,446150,398279,462112
858865,236289,98151,870255,861653
503140,348275,736591,722317,758453
194310,824838,576613,310809,721405
228003,425719,802530,609046,491366
715345,519014,546405,186654,53912
296200,427858,885187,57252,14227
200653,795623,611072,931306,549590
812889,207659,475234,614324,521316
210148,564228,464442,314397,966217
598696,367854,508318,270412,126161
467051,69711,842119,188594,41182
122058,897146,613499,895159,430435
970794,823201,193273,531661,26486
129658,895675,675378,257215,903828
181725,678197,610105,190802,481612
648494,531804,40352,290321,644181
223357,528883,487172,334826,369180
993456,646228,800263,608798,497211
768580,233122,585141,140445,514117
821983,706712,306434,627107,169892
606440,558343,499507,271614,459268
28245,849786,674726,477365,227516
393252,842451,251504,249866,231318
309000,526866,156483,350565,830022
969500,959955,950172,460885,196617
778087,344910,955320,844986,954537
975393,760346,480852,119179,440670
891295,81443,149176,502824,221575
230045,874130,979653,946713,993793
610946,800885,896504,908692,383239
412160,858425,317375,487898,423061
686745,172591,359624,426808,750698
17139,193877,138203,187206,497726
40357,156206,311225,952657,184297
978057,856152,614299,71395,489647
752611,817620,362474,143283,11494
113811,103963,371461,879820,162433
486165,673064,203789,410564,534509
347905,430230,862967,952610,345437
874818,219895,802744,980745,373513
522114,516221,935883,678258,920672
435976,830077,718990,106437,664677
909745,213660,910459,395666,363091
10307,291126,579788,54009,303618
16710,153659,909230,248843,307745
793351,407233,948644,216736,671583
437599,820728,123890,136387,804518
287644,119351,125792,780432,81168
679338,779946,14301,865978,170323
343477,685137,147626,823023,254903
47888,61201,951283,24334,183123
246764,318835,58075,970287,703833
958766,340263,365434,631914,955339
897808,411128,571210,177589,507844
681347,515897,40502,835645,964363
640026,109089,926736,570030,626743
996969,518460,467938,674367,528598
246810,263710,208961,34914,419113
108321,813976,349492,519727,700641
398191,993504,429362,653976,15622
821706,289830,310269,303106,132465
417492,654512,429545,770338,146668
22724,702395,29399,572377,118612
569580,421313,867021,371131,539431
292403,554591,845040,129141,515381
49527,692422,892214,339981,659140
380935,289646,455109,319347,626041
694101,214350,429450,989589,575808
516914,418152,565340,650446,879694
682580,340383,586104,795827,689190
741771,14374,778152,487997,69463
799875,865960,856298,649899,228078
128852,366718,416035,430115,676927
87844,212095,492240,798107,969521
940234,123313,951875,497071,604274
395138,56958,843891,687719,449335
215309,772624,572325,201880,791291
46861,699632,208491,253081,680668
130504,593699,759223,884378,489093
34111,811521,302316,313960,386754
701092,57737,614895,523157,997789
373452,995333,387349,208640,324943
842703,546437,661651,907995,801506
187414,526787,852528,694825,857950
702078,583961,461986,430333,518496
466035,881265,316311,267632,688417
365607,833962,578775,425013,255854
777450,663237,367191,894841,218195
587238,220831,437184,640830,739021
211364,809259,95257,846357,566388
571458,590456,43194,816840,351405
765521,266168,648326,946965,760529
440710,322138,34622,185191,894747
328097,320654,105461,950967,14573
787587,979047,778931,301809,774085
295058,230258,67791,815887,199152
498492,443410,213411,97177,783388
757397,893150,77958,862909,128111
313613,516265,378818,649291,794583
502914,158294,852954,952934,589860
906311,998254,780251,668000,444287
94961,50830,448487,126394,874185
351119,939491,259119,193536,782899
169722,218929,603410,185486,34273
496619,465802,730660,523513,684677
735877,132535,415176,186673,429802
472189,875428,469408,655595,950263
40871,68054,600112,665104,442361
56209,625059,766849,949565,812104
348087,250619,908129,74157,566131
384048,896191,75668,950104,799241
242914,761489,229521,223747,451947
145498,509218,837828,840423,57088
281741,437127,450643,51242,366618
664011,108377,736445,805531,36430
723313,201696,159047,535633,691532
877580,494463,363083,245317,746867
944524,776669,672073,107125,209757
223243,496820,31152,163113,577614
225701,487363,366205,198808,267112
12371,648680,450574,376947,697871
641127,992748,541561,685019,509226
29968,858759,866137,127603,622538
200007,179621,231301,855803,533860
571944,721618,578279,299411,546466
333985,330705,584738,148350,816978
675733,374233,389077,584387,406034
716380,309389,188171,159520,982068
538604,395533,79094,656376,548118
533039,13580,731386,564147,687159
875989,549871,498467,62269,250911
817990,224353,84742,835381,357482
581813,851626,294289,294998,69317
639350,442524,653696,529022,12266
542826,830482,455385,665646,265816
512820,193834,243429,102379,398987
337764,573438,664135,169041,445522
533669,388303,129712,625699,919466
553085,292997,899637,698753,546601
16045,829647,666330,53889,636115
494403,136056,934073,804778,359521
256851,761217,389456,68489,827469
191962,215786,78415,303267,834562
908151,72746,272796,748397,720569
414629,164698,537247,609517,882216
674997,581152,363719,453961,968523
762762,634512,755491,454583,742629
625221,734274,471350,180356,184690
156627,969880,13381,208023,628284
533729,525027,513810,730944,45829
828888,275032,658972,743504,137409
600534,276768,979459,995370,981191
993612,151512,877525,219552,616251
92078,746011,93928,940053,743575
948259,446170,464574,30933,88491
206079,981834,811405,522976,180810
223985,781910,128584,202077,113089
119690,932447,980286,17509,311886
653700,635832,403282,682154,850656
653299,792763,50348,60032,735874
117832,864203,854545,516618,45579
728979,963179,165881,954261,893000
545556,647567,519479,677728,514603
176744,388299,234677,699756,30471
113805,304976,190485,759011,678380
17245,17483,228391,485418,932571
578450,223719,635480,385427,245264
892302,994041,527735,518845,960853
943730,734928,598033,727497,764875
743737,256256,111001,152579,383654
780107,686974,159518,594526,142297
158664,958433,182956,703260,854321
365247,856354,391082,144289,197118
496105,961578,191465,419992,190644
457845,110575,755490,691335,228096
579931,679721,35242,590092,919229
968987,439437,843143,105133,928300
832701,305689,478982,72463,305308
929031,815101,760875,375785,742574
718612,505755,385897,825683,955406
434674,593742,181602,367893,341900
891155,735513,240573,116619,138528
746194,975126,977415,826062,562100
16041,60719,405085,663845,300158
713170,806806,745870,556133,684165
646744,647342,737907,185990,412512
407673,493560,12380,932708,292299
367555,51937,825822,985504,487199
90363,155429,880813,889139,720642
118471,680993,917438,644665,263243
33607,214435,464159,400236,367597
985372,711464,487808,202986,35429
556516,693332,750996,652177,122714
163017,856288,153522,622118,225222
964117,897884,615971,716338,671704
988193,565952,44089,68591,481064
564487,86285,815216,540877,932602
423652,323522,41163,685324,47568
644083,775715,34931,461034,116324
325924,183564,993743,885890,241625
606689,568403,987824,373812,779656
599026,751278,520642,162298,296474
425802,139155,238652,48702,483012
259126,781583,411508,399912,919174
778257,709463,321600,719748,999645
789335,836439,920848,24985,169675
667261,595401,723802,758991,952262
824892,898804,395732,144655,726240
391895,154828,117132,188180,842320
733432,188014,639831,305188,881865
545524,291121,547715,216060,422089
558361,339992,20548,303499,701194
687517,299024,417920,928376,370295
348331,366085,312282,780857,593544
839810,272236,293888,231729,850362
530961,479422,33129,287241,49313
638521,340326,239521,941777,353678
851358,435785,968787,378075,284568
797949,659361,302897,286696,556074
690927,921666,778973,871558,988756
17230,397838,22890,964163,505123
617085,559347,935379,475623,233722
40287,754121,921844,297569,934136
59156,160455,452210,263186,561146
604459,177734,131104,483849,896096
452597,935521,970686,447817,524277
736784,615912,155322,696143,877121
429270,841142,242972,903893,174590
818765,448805,189013,368820,140184
596475,934867,851345,47132,542080
602017,985280,667756,211444,252785
146662,190488,596895,261605,221987
16233,296027,335166,790983,820661
399907,949266,965882,493671,974305
570708,114123,583321,226953,366510
276934,730023,339844,69934,462371
807275,621638,535355,638209,231290
123739,630118,572531,457838,672739
839771,563595,164009,457862,898064
684864,879920,553084,201585,52442
559306,629038,288714,647120,60773
685064,880791,301347,270440,865365
972555,255009,371221,981562,888607
454704,988887,577812,696148,98276
311158,385063,550180,952803,728970
607608,851068,730774,461953,211628
296444,101859,193472,989562,783763
176365,857922,934152,243730,536448
423347,714138,445242,559671,155960
710339,195412,272770,681812,213800
15087,199805,764542,30228,209464
588253,387676,393601,858666,104001
990055,33603,313437,204290,446334
472001,945284,307657,674795,818556
521589,621860,301474,876020,626973
361328,92779,274647,281434,582954
986575,309504,844845,478825,73511
434997,866971,676193,343477,576151
679230,143428,43043,586599,385709
37464,737488,471651,925276,906048
387795,955099,977037,976549,931932
893312,218505,308226,584759,169385
410968,141702,292781,700172,261811
420181,743608,669491,345971,144329
916621,588125,877038,214094,23959
784879,850115,525733,656473,156367
529155,184129,609560,947851,761317
385107,777853,420893,391324,219362
214319,488612,935984,87850,60466
117430,820614,433931,772032,408646
525823,307838,171156,565346,421564
243860,306592,499054,765590,594819
338370,500785,265629,820375,230476
749143,715593,611762,549322,919226
527579,70449,438121,330416,181584
848351,971388,898670,391569,16085
632140,659892,436486,267984,792915
785902,990840,492630,218293,193634
209867,805345,489968,218082,779396
990325,371940,198725,193576,996291
23515,702168,95802,703982,478935
214682,864652,227980,808710,674181
479068,295426,16377,431392,57824
144384,168496,191598,609981,428005
980697,229526,365412,316684,877507
454418,779365,469186,855414,941639
734455,414459,330252,156639,822226
651615,832912,203153,86364,629604
782249,611369,676831,88041,647487
846612,693369,824460,644869,62873
59010,462797,628195,664212,213366
940233,35087,467375,889576,910589
939836,536172,340867,587545,160923
371904,814202,110045,950920,383630
782786,327262,70526,213653,534058
86337,505350,965421,805944,611338
950343,763564,900344,205498,728015
581150,180107,429638,613276,821693
802171,140844,385880,55768,481602
305641,72746,346699,600636,370402
440215,975369,344434,252581,453564
20871,801576,331349,623669,837636
396982,665671,184379,563994,507118
698610,523845,886987,687256,340168
80704,34992,289936,716981,407302
827913,934803,653119,135809,22720
585667,998077,90770,629274,806739
416316,343459,418462,213543,53013
703835,119858,645230,349742,986771
616299,271160,235467,933623,233903
879652,445776,332559,93563,27626
348571,133074,519071,577580,585264
872703,191670,748407,168721,900960
488765,10709,900861,500579,52778
290066,521673,168761,231534,351591
456948,157254,209448,579319,137490
669292,164363,675423,509549,293498
718201,524400,867210,520520,366652
264084,655416,73264,554154,647749
164020,39341,804811,614396,598739
440059,129846,894147,115533,618010
745556,333540,229197,104709,698222
302425,136650,633677,777458,82185
478734,338410,769808,147397,958712
214015,987314,499416,976789,155055
666281,496987,842930,434642,93079
279913,249508,401669,552625,470501
505439,259663,931507,217468,163633
692982,950580,411696,91011,75331
977601,283079,59148,848447,450710
99519,687635,543642,618507,487764
475357,434891,447305,128723,261000
611709,891120,713558,865267,301173
996469,727329,538727,636582,854359
468091,329659,972395,504421,25591
503834,688599,776242,388119,989176
159802,242495,481643,874162,629143
823802,630386,283859,806462,270188
535710,919260,732097,44923,999480
148146,596941,28929,509692,185811
353455,744315,970765,420980,73043
110103,735268,333994,607592,733711
418718,533578,724210,757271,193659
246799,291620,331768,11052,599454
770830,725674,924006,450825,308872
786933,249952,736007,305877,839451
479629,259435,50667,682385,774375
503383,413255,911935,41628,866170
285041,388376,726546,897750,951689
862794,862060,351764,207874,686371
261201,896359,821891,780587,286330
876281,424361,608346,52097,28839
702116,760331,630954,184756,564785
23749,680165,908381,832001,220265
276114,934337,713293,855763,49630
960611,935248,674714,841452,112969
635548,770224,758369,805325,175870
608495,978958,821248,97683,519220
396538,903340,408243,456990,632485
893303,870082,312691,783485,529168
820729,860767,449434,100949,97223
378290,933390,571409,654087,774616
449244,420023,397845,251401,475119
387944,314377,752396,201764,26795
304185,243913,56726,288730,290850
73384,825641,899490,865080,852683
605487,620775,268504,307243,971640
945774,580487,716049,26069,476424
252120,802776,71644,493850,66260
178058,676743,86913,836916,834595
240982,913025,918927,666291,331329
818642,18691,580681,579163,100043
266321,160884,866381,83901,515692
559883,220160,484976,307494,506013
801355,339047,470422,591682,169909
615281,85151,779145,330324,813912
845229,45622,484004,315964,241180
300994,412025,515909,173466,513109
109025,711732,304193,994110,480375
17487,966941,519398,198704,273826
700322,273343,836787,191214,937577
38585,815529,85874,70841,592204
186157,782014,890670,769069,815956
541065,468572,842912,40445,929638
987493,153716,66981,591597,149569
89076,179159,465682,716228,848016
730693,890257,952084,285410,838051
171544,434115,964334,525091,219067
400611,494720,898160,97710,75035
842985,244807,247465,15007,789384
996651,751773,527097,859725,65692
203848,962465,448846,495792,529402
483847,663846,27109,19030,669182
633388,935858,702495,839022,927735
579990,254075,983925,426908,854530
199109,604739,233523,490613,285051
993958,908714,848750,35914,216315
874909,937272,906789,978772,779150
961705,591145,145475,209079,787365
816317,490973,24928,341028,27637
683385,85825,637790,995045,85655
884367,75833,612777,242193,652917
79594,653515,720465,490879,183748
436345,920615,611549,916219,678111
914111,897252,192562,733691,931770
696641,167184,837291,30462,162139
81236,996368,334629,668951,236263
933645,486229,71191,49170,848716
657831,91296,655169,502779,956224
597529,575509,888975,539886,606211
389370,890242,51806,266049,290716
709073,234967,324949,652434,650275
573002,673802,278832,968358,819558
948593,833605,275959,464042,48766
866403,537970,442989,523164,694678
811147,126508,827505,717716,488672
237646,38681,402930,386702,982135
586905,889139,797114,839657,926939
848797,502434,98903,979241,602196
205506,787524,455001,684088,385344
353966,967878,64462,100274,577987
988979,483427,863969,603565,819245
358993,245612,352041,355951,792498
738402,57866,653984,296628,731029
637113,976054,228887,233370,678687
179216,778513,893927,159420,125114
987718,858903,885191,357178,145801
179138,584034,454794,363144,177380
311624,172295,855841,453616,846414
270372,161955,126923,203921,576830
829944,264090,683143,737644,441168
39764,671442,359423,377928,547769
943533,47966,632831,304860,169551
35740,233744,157186,305700,268727
649518,80985,654955,949298,639307
735977,30576,351851,875817,217107
27284,257754,288143,431915,557988
193781,190759,398710,596432,547565
408695,914218,231821,725205,678902
206240,270800,173170,155428,872203
578982,761075,503905,492919,812520
390823,665102,535082,410184,729080
928010,458479,203353,227944,982113
406364,837327,592855,357801,403423
724560,901802,882887,630491,909883
750964,76075,242022,245352,977216
950514,487958,84564,450938,480052
576789,924769,653344,227006,227135
998478,884422,856338,910547,357729
65655,594558,361784,51336,438446
68046,786875,435164,443487,759753
770268,661624,514659,214280,648962
962677,332012,745168,615425,723995
81339,318269,848386,976697,892284
419737,926778,824139,717819,285255
924665,170848,89305,132322,760289
194947,103336,393063,695608,726722
39695,101866,218832,168722,901390
94473,285998,157961,238952,178826
684737,588498,605445,611245,857341
369285,749662,516666,782038,512925
362404,104220,276197,938487,616232
482772,251590,637017,834882,319240
720961,709978,113618,60166,485992
346406,177096,155960,305024,410333
748211,75697,623470,468267,153330
316679,822315,490395,579496,942445
199865,535799,564803,57888,843537
486547,713578,778646,690208,318390
478111,187377,448218,626587,15559
274946,48553,731447,345270,183305
70844,166819,298800,732886,27173
122153,690654,917563,524919,868748
94184,819189,984557,388033,112322
424176,192310,873110,643024,525697
467138,366106,740457,534193,771642
515374,100706,239243,384867,326690
717110,834997,604034,461080,568681
341099,290299,819600,868521,100941
589438,15974,538098,62140,110197
742569,530437,10889,499403,790449
957117,844154,990215,210084,681880
226046,981968,882030,763248,329847
380336,657025,591137,35522,910069
480234,596525,716784,561639,242999
104009,572023,650031,352010,877984
957907,722322,846729,636789,174754
377300,85311,717400,511118,479360
653122,370109,220023,174260,669065
221000,847475,798981,173587,854308
281424,217152,835566,255091,983735
211040,183627,40900,275619,230970
978630,323060,80368,879875,81415
712925,96463,852054,787551,792621
940941,845656,322258,233752,837145
199877,844132,20780,321969,643006
381735,22731,277767,504650,461484
701658,560196,706471,942148,292366
357093,788035,882349,807308,226520
222068,697710,616477,754683,657912
759820,767952,81350,571766,236567
239952,998706,674227,827997,621415
502891,318742,296889,428389,314908
369964,471899,343722,292723,969133
628815,903583,253779,475205,290614
287556,256259,177277,571158,329868
298027,731053,660578,622068,263245
930065,401975,763786,880573,764321
177439,134083,334650,898199,727727
62753,391639,431543,70601,894378
449915,425163,542774,214834,575742
504283,209509,458166,755197,826333
559420,234711,317486,268853,869149
625578,770500,591782,976816,720127
196801,911660,924408,260065,191334
676605,638768,915721,85366,474801
848553,548376,91898,929566,573720
205027,663753,663797,73026,60161
461749,862925,499555,719201,335447
153176,922349,88574,27777,453812
94292,873372,814611,435063,728578
581260,462630,905645,84231,217457
926806,700619,995383,278965,797421
635117,191578,769226,117031,557506
485825,177391,906649,62960,891804
730724,952206,323993,351409,695998
404901,522376,559149,385121,800153
235132,721115,642666,563118,607771
418185,437295,367655,752818,89086
47996,215341,209937,812807,453535
994892,239218,893213,465706,882494
54006,338828,255232,944867,115138
746302,394176,843571,873916,988078
688527,471580,815014,615406,691428
382059,527486,663714,667557,436465
185275,939025,838328,502640,976075
71586,239443,276506,421221,836709
995345,946034,469993,541340,294125
347665,740245,647143,656626,491951
468065,372286,482563,433207,305276
160804,581116,433616,116197,602612
377721,889404,361152,552814,656649
970627,137775,691688,389824,528068
536756,376072,158336,141504,288810
773104,660544,469471,793347,257110
705566,212353,618940,573191,462517
672559,235067,879698,18483,359329
391272,589842,569998,422761,875724
908527,939170,692828,932477,770808
616219,349518,618147,433405,160285
301420,853268,146670,317843,848820
646178,711397,271893,702520,673052
557673,504794,658120,45925,50843
26758,547781,205843,221474,755853
397147,581753,467990,468607,667526
253334,800119,619712,907194,46293
879860,123530,318180,23826,368373
567199,634117,501478,995145,692015
634263,295051,353075,568616,510644
535889,98496,296312,59907,428429
563851,681231,877242,295137,628173
614623,621805,578398,894824,416089
887801,401823,978062,391222,15645
590950,879893,204523,830950,785764
634506,60853,509010,340157,423849
716960,584549,787529,339946,936751
63964,985487,167234,932653,594980
894906,677099,487138,967118,671814
922175,456559,37696,875012,424018
234021,439364,612141,685098,873261
299221,875742,198288,700904,858824
534745,700987,755071,443050,857113
650399,449201,452997,397492,325226
506597,265311,376446,188195,565925
246797,397831,730574,82189,787503
712131,101021,245380,779354,697541
188871,569661,660137,49245,867094
443624,707282,965288,441610,827948
564353,439618,224961,871406,463666
155989,552580,830329,404168,780288
308828,906145,302041,827589,668857
840211,340588,987819,496201,862648
848925,187779,259411,876702,429555
593486,557888,413869,687926,620724
637017,841680,176556,867694,542495
520866,483077,948053,242475,974832
245465,484370,509625,243339,665714
768307,335945,464911,680474,954488
996559,84820,932908,164991,995734
903382,77899,248509,375869,436348
919503,878132,231643,203005,912538
637678,257850,905542,807814,527910
911515,563940,554525,501657,741124
188030,820893,170416,986795,687544
572110,468501,581894,937524,665915
790969,678344,580530,527161,33952
281613,14275,79108,20703,90075
903815,309152,139180,433369,988120
955605,393196,440371,962360,794512
444942,802412,893912,121257,595065
835446,348221,383384,938216,686611
207809,72448,400773,501716,722344
590423,703952,971012,877658,397690
594195,892428,474399,507251,725900
422235,319779,508600,163734,448112
55039,295417,783679,539325,66465
795055,536298,879628,116557,656646
46341,481787,969931,872480,278996
318993,498496,323236,148687,772408
687543,863349,996007,865222,106031
